# This is the system description file for object eggMan

gravity = 0? 0? 0?
language = c

double
prefix = pend

body = link0 inb = $ground joint = pin
	mass = 1.000000
	inertia = 0.083333 0.083333 0.0833333
	inbtojoint = 0.0? 0.0? 0.0?
	bodytojoint =	0.000000 0.5 0.0
	prescribed = 0?
	pin = 0.000000 0.000000 1.000000
body = link1 inb = link0 joint = pin
	mass = 1.000000
	inertia = 0.083333 0.083333 0.0833333
	inbtojoint = 0.0 -0.5 0.0
	bodytojoint =	0.000000 0.5 0.0
	prescribed = 0?
	pin = 0.000000 0.000000 1.000000
